Debit = 1000000.0;
Nstations =6;
Nacq= 78;
SizeAcq = [14798971,7399485,3699742,7399485,3699742,14798971,3699742,3699742,3699742,3699742,7399485,3699742,7399485,14798971,3699742,3699742,7399485,3699742,7399485,14798971,7399485,3699742,3699742,7399485,7399485,3699742,7399485,7399485,14798971,14798971,7399485,14798971,3699742,7399485,14798971,3699742,7399485,3699742,7399485,14798971,14798971,14798971,3699742,7399485,3699742,14798971,14798971,3699742,14798971,7399485,3699742,3699742,14798971,7399485,7399485,7399485,7399485,14798971,7399485,14798971,14798971,3699742,14798971,3699742,14798971,3699742,14798971,14798971,7399485,14798971,14798971,3699742,3699742,3699742,14798971,14798971,7399485,3699742];
DateAcq = [-1977.7923241853714,-1893.907152146101,-763.1841584444046,-2067.738417029381,-2001.3266428112984,-1909.0716527998447,-759.5592981278896,-2034.2975197434425,-742.6610425114632,-1879.225533604622,-2153.0464529395103,-4803.645705401897,-2073.707455486059,-12533.455120444298,-10752.569508135319,-4881.825552910566,-2055.8681089878082,-3664.765212237835,-1909.0648992061615,-2103.793482065201,-760.1063887476921,-695.592810511589,-10752.312508225441,-7825.823824942112,-5116.23237401247,-1912.0357765555382,-7844.864286869764,-736.631616383791,-4863.712337613106,-749.6556576788425,-5037.5978363752365,-7770.562677681446,-2087.524835705757,-2021.102195084095,-4985.736781001091,-7767.794553875923,-4899.382458865643,-4885.81147223711,-7747.145663976669,13535.84884429079,7685.883943636269,7664.491511614201,7656.932996766635,7677.689535195342,5041.053210658837,4947.713187696434,5060.423609587641,5070.693550901481,5029.171927091685,5049.376639133417,4956.177663785174,12336.85358272678,12420.07561792619,12344.95027947649,5095.076109562983,1654.642332242795,7743.970254831574,1756.582060800858,1663.603993196544,1676.00893698392,1765.967062693118,4908.648890504651,3618.797560835613,3457.578120486804,3637.591872301502,3629.912981348105,5003.181529563622,4878.750254183867,4835.718677532524,4930.944684353196,4989.379530100178,5128.997220413753,5020.609428110804,4979.648338062906,4850.171504635942,4970.5097545519,4812.040486054489,5082.965490254306];
PriorityAcq = [0,1,1,1,1,1,0,1,1,0,1,0,0,1,1,0,1,0,0,1,0,1,1,1,0,0,0,1,1,1,1,1,1,0,0,1,0,0,1,1,1,0,1,1,1,1,1,0,1,1,1,0,1,0,0,1,1,0,1,0,1,1,1,1,1,0,1,0,1,0,1,0,1,1,1,0,1,1];
UserAcq = [0,1,2,2,2,2,2,1,0,0,1,0,2,1,1,0,2,2,1,2,2,1,1,2,0,1,1,1,2,1,0,1,1,1,2,2,0,2,2,2,1,0,0,2,0,1,0,2,1,2,2,0,0,0,0,1,1,0,0,0,1,2,0,1,2,0,1,1,0,2,0,2,0,1,1,1,1,1];
IdxAcq = [1,4,5,7,11,17,18,19,20,21,23,25,27,28,31,35,40,45,47,48,54,59,65,66,68,69,70,75,77,79,82,86,88,91,93,94,95,98,99,1,2,3,4,5,12,13,27,28,31,42,58,70,71,72,77,80,81,82,83,85,86,96,108,115,129,130,137,143,146,149,152,158,168,171,173,174,175,177];
OrAcq = [REC,REC,REC,REC,REC,REC,REC,REC,REC,REC,REC,REC,REC,REC,REC,REC,REC,REC,REC,REC,REC,REC,REC,REC,REC,REC,REC,REC,REC,REC,REC,REC,REC,REC,REC,REC,REC,REC,REC,CAND,CAND,CAND,CAND,CAND,CAND,CAND,CAND,CAND,CAND,CAND,CAND,CAND,CAND,CAND,CAND,CAND,CAND,CAND,CAND,CAND,CAND,CAND,CAND,CAND,CAND,CAND,CAND,CAND,CAND,CAND,CAND,CAND,CAND,CAND,CAND,CAND,CAND,CAND];
NW =5;
IdxWindows= [,1,4,5,6,10];
StartTimeWindows= [,4636.153255403042,0.0,5638.566136717796,11479.83084076643,5227.0095692873];
EndTimeWindows= [,5137.770410984755,354.3842425644398,6139.240344405174,11884.258050203323,5425.6025502979755];
OutputFile = "DownloadPlan_SAT2.txt";